0
6 12
12 19
14 10
9 5
3 28
13 5
1 9
0 11
8 24
7 4
9 29
0 20
1 24
6 20
4 2
7 19
3 0
3 9
7 25
3 15
11 1
9 19
8 23
1 11
0 19
9 25
13 28
6 16
12 11
14 5
14 11
3 5
9 0
12 29
3 26
13 0
9 15
14 29
2 3
1 25
1
12 1
12 16
7 29
14 19
10 0
3 28
14 28
10 12
5 28
8 24
13 26
2 29
7 19
6 17
1 27
4 5
5 6
7 25
12 15
3 12
8 2
12 18
4 20
9 16
14 24
9 19
13 1
13 10
8 29
7 12
1 29
12 17
4 19
9 9
10 1
8 16
14 29
9 27
8 25
10 22
2
12 10
7 26
4 9
3 1
14 19
11 2
13 2
8 15
10 12
2 5
9 20
9 26
9 29
7 1
7 16
13 29
14 21
4 20
5 15
2 4
3 27
13 1
1 11
6 1
9 28
8 20
13 18
6 16
2 25
12 8
7 24
3 11
9 0
2 9
5 29
2 12
13 6
6 6
7 5
1 19
3
6 15
9 8
14 28
1 9
6 2
8 27
2 17
1 15
2 20
1 27
6 17
7 19
14 6
5 6
12 15
3 12
12 21
4 17
4 20
3 24
8 8
13 4
8 23
1 11
1 8
13 28
3 2
3 5
14 5
14 11
12 17
5 11
3 20
4 28
13 0
4 25
5 20
0 12
3 29
1 19
4
6 12
7 17
12 1
7 26
14 7
14 10
8 12
2 11
1 9
8 24
10 21
0 20
9 29
1 15
6 5
13 20
2 29
14 6
7 28
7 25
3 6
14 18
4 17
13 1
1 11
7 0
9 25
7 9
7 12
12 5
12 11
8 16
9 15
3 29
5 26
10 25
9 27
13 15
2 24
13 24
5
2 27
12 1
4 6
7 29
9 2
12 22
14 25
14 28
1 0
10 9
9 11
5 28
0 26
7 16
5 0
14 9
3 6
5 9
9 1
3 15
0 7
14 27
8 23
10 14
13 7
9 28
7 0
1 17
7 6
5 2
0 6
5 20
2 9
9 24
5 29
6 6
8 25
10 22
11 27
13 24
6
12 1
7 26
4 6
12 19
8 0
9 5
12 28
5 16
14 28
13 2
5 19
4 27
8 24
10 27
13 20
7 19
7 22
3 9
12 15
12 27
13 4
10 11
9 22
8 29
2 28
1 26
7 15
3 2
12 23
4 19
0 0
11 0
14 20
4 28
13 0
3 29
10 16
2 15
1 19
6 9
7
1 28
7 5
7 26
4 6
7 29
14 16
11 2
14 25
10 0
5 28
6 2
9 23
10 24
1 27
12 9
12 12
6 29
8 11
0 7
3 27
10 8
13 1
6 1
7 0
8 26
10 20
2 28
13 22
3 2
12 8
6 28
8 1
1 1
9 12
10 16
13 6
1 16
6 6
13 15
6 9
8
6 15
12 7
9 2
9 5
3 25
13 5
10 12
9 20
8 24
1 12
9 29
2 23
6 11
6 20
7 19
12 9
7 22
5 0
5 6
8 2
12 18
14 15
9 1
4 20
3 27
8 17
6 1
2 16
8 29
2 28
12 2
3 8
4 19
10 7
4 25
10 13
2 6
0 15
6 0
0 27
9
12 1
5 1
8 0
5 16
1 0
9 17
2 8
10 21
13 14
0 20
7 1
13 20
7 16
3 0
3 12
8 2
9 1
10 2
12 27
8 8
2 4
2 1
10 8
9 22
9 28
13 16
13 13
12 5
14 2
12 11
3 11
12 23
12 20
3 23
4 28
0 9
10 1
10 13
2 3
8 25
10
1 28
4 0
7 29
12 22
0 2
3 19
4 24
0 5
3 28
10 15
9 23
6 11
2 20
1 24
5 0
14 9
4 8
4 11
3 24
2 4
1 2
8 8
2 1
13 1
0 19
9 28
10 23
1 17
7 9
10 29
1 26
13 25
3 5
9 9
9 6
3 20
0 15
13 18
7 5
13 24
11
7 17
12 10
5 1
4 15
3 19
10 0
1 0
0 8
1 9
10 15
1 15
10 24
13 17
1 24
1 27
6 17
14 0
5 9
4 11
14 15
10 2
12 27
3 24
2 4
4 23
14 27
0 16
9 19
7 0
8 26
10 17
7 3
4 19
10 7
5 20
2 9
2 12
13 12
8 28
9 27
12
13 27
6 15
7 26
4 6
3 25
4 24
14 22
5 19
0 5
8 12
0 8
13 11
9 26
6 17
7 25
3 12
5 9
4 20
0 7
14 24
4 23
4 29
3 27
0 19
11 19
10 23
1 20
10 20
2 28
12 11
6 19
4 1
1 1
9 12
5 17
2 0
13 0
8 19
0 15
13 21
13
2 27
14 7
0 5
13 11
10 25
13 8
9 23
6 5
2 26
6 8
6 20
2 29
14 0
4 17
12 24
4 29
0 16
5 27
0 19
2 19
7 9
13 13
10 20
7 12
6 16
7 15
3 2
14 5
1 19
10 7
0 12
14 29
10 16
7 2
6 0
13 12
7 11
6 9
2 24
13 24
14
12 1
4 0
7 20
14 1
7 26
4 6
1 16
5 1
3 25
8 9
4 24
10 6
3 28
2 23
6 8
4 2
12 9
12 15
8 2
14 15
11 1
2 4
11 19
9 25
13 19
10 26
13 28
13 25
12 5
1 29
14 8
5 5
8 1
3 23
4 28
2 0
8 16
14 20
6 0
9 27
15
14 16
4 24
14 22
14 28
8 6
1 9
9 20
9 26
2 17
2 23
1 15
7 1
10 22
12 0
6 8
6 17
14 6
14 12
12 21
14 24
2 4
8 17
9 22
11 19
2 16
10 23
8 20
2 19
7 9
10 29
12 11
12 8
12 23
3 17
14 17
0 6
2 3
0 12
6 6
7 5
16
12 7
7 26
5 1
14 16
5 19
3 28
10 12
0 17
13 8
1 12
2 20
12 12
3 9
5 9
0 7
10 5
4 29
13 7
8 23
11 19
10 26
1 23
6 16
13 25
1 29
4 1
3 5
7 27
9 0
12 23
14 17
3 23
0 0
12 29
14 29
3 29
13 3
2 3
8 22
7 11
17
3 25
9 8
0 5
3 28
13 2
1 0
9 11
8 15
2 8
8 24
9 26
9 23
0 20
0 26
7 1
13 23
6 26
12 15
13 21
0 7
10 8
8 26
1 20
7 12
12 2
14 11
4 19
12 26
9 12
14 20
8 16
3 26
10 7
2 3
5 20
9 24
8 22
0 15
10 28
11 27
18
4 0
12 10
14 25
2 5
13 5
13 11
0 11
13 8
7 1
1 15
6 20
7 19
12 9
14 0
12 6
8 2
14 18
10 11
9 19
8 17
7 12
6 19
14 5
3 11
3 8
12 23
5 8
3 23
1 1
5 17
2 0
0 12
2 9
14 29
9 24
8 22
5 29
8 25
11 27
7 8
19
4 0
3 1
14 7
3 16
14 19
0 5
1 0
9 11
9 17
13 5
6 2
2 17
6 11
13 29
12 9
7 22
7 28
14 9
5 6
12 12
12 15
6 26
14 18
4 11
8 11
12 27
4 26
1 2
13 7
1 8
10 20
7 6
14 2
3 2
8 1
14 17
0 12
9 24
0 24
13 24
20
7 26
7 29
14 10
12 19
11 2
14 28
8 12
2 2
9 17
13 11
13 8
8 24
13 17
13 23
10 27
13 26
1 27
14 0
12 9
4 5
3 12
4 11
0 10
3 27
0 16
9 22
1 23
1 26
2 25
13 25
4 1
6 28
4 16
9 6
3 20
10 13
8 19
13 9
6 0
0 27
21
4 9
7 26
7 29
8 0
14 16
0 2
14 19
5 16
2 2
0 8
0 11
8 24
9 23
2 20
7 16
6 8
5 0
6 26
14 15
9 16
4 23
2 1
11 16
8 23
9 22
6 1
10 23
13 19
7 6
10 29
2 25
7 27
8 1
12 26
1 1
9 12
5 17
10 13
5 26
10 16
22
14 1
14 7
4 12
6 27
8 0
14 16
0 5
13 5
5 28
0 20
7 1
2 23
0 26
2 20
13 20
14 0
6 26
5 9
4 11
9 1
11 1
10 11
3 27
13 7
8 26
13 16
10 23
13 25
7 24
12 17
11 0
14 23
3 23
10 7
10 13
9 15
5 20
2 3
2 6
7 5
23
4 0
9 8
10 9
5 28
13 8
10 21
0 20
7 1
1 15
2 23
13 23
2 26
10 27
12 9
14 0
7 28
14 12
5 9
4 17
8 5
9 16
14 24
5 15
4 23
0 19
8 20
12 2
3 8
4 16
11 0
3 26
5 20
0 12
3 29
13 3
0 15
2 12
10 19
13 18
10 28
24
1 28
12 1
4 9
14 1
8 6
14 22
13 2
2 5
9 20
9 26
7 4
1 18
0 20
1 15
6 8
13 29
14 6
5 0
4 17
8 5
0 7
0 16
13 7
6 1
10 17
2 16
1 17
2 28
12 8
14 11
3 23
4 28
0 9
5 17
14 20
0 6
2 9
2 12
8 28
10 25
25
12 7
12 22
14 19
11 2
2 2
1 0
4 27
10 12
2 11
8 24
13 14
13 8
0 29
1 24
5 0
4 8
3 12
14 18
14 12
12 24
14 21
0 7
13 10
8 26
2 16
13 13
1 23
0 25
13 22
3 2
4 16
12 23
8 1
3 23
0 12
13 3
2 6
10 25
7 11
2 24
26
4 0
4 15
12 22
11 2
3 19
12 28
14 22
2 17
1 15
0 29
7 19
14 0
6 17
14 9
8 8
3 27
14 27
5 27
2 16
9 25
0 28
13 19
7 9
13 22
13 28
7 15
3 2
7 24
9 6
4 28
3 26
2 0
9 15
5 20
0 12
2 6
2 12
8 22
1 16
0 27
27
1 28
4 9
14 1
14 25
9 8
8 12
13 2
9 11
9 26
8 24
0 20
2 17
6 8
3 0
5 6
12 15
5 12
8 5
3 24
4 23
9 19
13 1
1 11
13 16
13 22
14 2
6 28
5 5
5 11
2 0
3 26
0 9
10 1
2 3
13 6
8 22
1 16
13 12
13 15
0 27
28
4 9
4 6
7 29
0 2
14 25
9 8
8 6
4 27
13 11
8 24
9 29
10 24
13 23
13 20
12 0
2 26
2 29
12 9
6 17
3 15
13 4
10 8
1 11
13 16
10 20
10 26
13 22
13 25
6 19
14 8
5 5
5 11
11 0
2 0
10 7
5 26
10 16
0 15
13 12
10 25
29
12 1
7 26
14 19
10 6
14 28
10 15
10 21
0 23
7 4
8 27
1 15
2 23
7 16
2 29
7 19
4 2
14 9
4 11
10 5
1 2
13 4
2 1
10 8
9 22
9 28
13 10
8 20
10 17
13 13
7 9
8 29
0 25
7 6
13 28
13 25
1 29
3 11
11 0
2 6
8 28
30
4 9
12 16
4 6
3 16
5 16
1 0
10 9
9 17
9 26
0 23
9 29
13 26
6 17
7 25
12 18
8 11
4 26
14 24
8 8
4 29
10 8
9 22
10 17
9 25
13 19
13 22
10 29
13 25
7 27
9 0
9 9
11 0
0 0
8 16
5 20
2 9
1 16
6 9
2 24
13 24
31
6 12
2 27
4 0
7 26
1 16
4 12
9 5
12 25
5 19
3 28
4 27
10 12
9 20
2 8
0 20
13 26
6 20
6 17
14 0
3 6
3 27
8 17
8 23
1 20
0 28
7 9
7 6
7 12
14 8
12 23
8 1
14 23
14 17
3 26
8 16
10 16
2 12
10 25
13 21
0 27
32
1 28
14 16
12 22
9 5
0 2
3 19
5 19
9 11
13 8
1 12
0 20
2 26
1 24
12 6
7 25
12 21
8 2
10 2
4 20
0 7
9 16
1 2
2 4
0 10
10 14
9 22
1 8
1 23
13 25
13 0
4 25
0 6
9 15
2 9
2 12
10 19
10 25
8 25
10 28
1 25
33
14 1
5 1
14 19
5 16
12 25
13 2
2 5
13 11
9 20
9 29
8 27
6 11
0 29
10 27
2 29
1 27
14 6
12 12
7 28
5 6
13 21
3 15
0 10
8 17
0 19
7 12
7 24
0 0
12 29
10 7
3 29
10 19
13 12
7 2
0 24
7 5
1 19
6 9
0 27
7 8
34
4 9
12 19
14 16
11 2
10 6
12 25
2 2
4 27
10 15
0 23
9 29
12 9
14 6
7 22
4 8
3 6
5 9
9 1
12 24
6 9
0 7
1 2
8 17
13 7
0 28
0 25
7 12
14 2
14 5
5 2
14 8
9 9
12 29
2 3
7 2
8 28
9 27
1 19
1 25
0 27
35
7 17
3 1
14 7
0 2
14 22
3 28
8 12
13 11
8 27
13 17
1 24
6 29
12 18
14 15
8 5
5 12
13 4
3 27
1 11
6 1
1 8
10 17
0 28
0 25
13 22
7 24
3 11
12 17
12 20
3 17
3 23
1 1
3 20
3 26
8 16
2 3
10 16
13 6
13 12
8 28
36
2 27
13 27
14 7
4 15
3 19
8 9
3 25
14 22
3 28
2 2
5 19
13 14
1 15
10 24
10 27
13 20
1 24
1 27
14 6
7 22
6 29
4 17
10 8
2 16
10 17
6 16
2 25
7 15
3 2
4 19
4 28
3 20
8 16
3 29
2 9
5 26
7 2
9 27
2 15
7 11
37
6 15
3 16
14 19
12 25
9 8
5 19
8 6
13 2
0 11
2 8
10 21
6 2
8 27
2 23
13 17
10 22
6 8
13 29
12 12
5 6
8 11
5 15
10 14
7 3
13 13
1 17
1 29
4 16
12 26
12 29
4 28
3 26
9 15
5 26
8 19
13 3
13 15
7 11
1 25
7 8
38
12 7
6 15
3 1
3 16
4 24
5 19
14 28
3 28
1 0
2 2
0 20
8 27
2 20
10 27
13 20
13 26
2 29
13 29
7 19
7 25
5 12
4 20
3 24
14 24
10 5
9 28
2 16
0 19
13 19
6 19
14 23
9 6
14 20
13 0
0 6
5 26
1 16
6 6
7 11
6 9
39
1 28
14 16
4 15
12 22
5 28
2 8
8 24
1 12
0 26
13 17
6 11
12 0
1 27
12 6
7 28
7 25
14 12
4 17
0 7
4 29
9 19
5 27
0 19
0 28
13 19
10 20
7 6
13 28
3 11
14 8
3 8
5 8
9 6
10 13
8 22
10 25
9 27
0 24
10 22
13 21
40
6 12
4 6
12 19
3 19
14 22
13 2
9 17
2 5
13 5
6 11
2 20
13 26
3 9
5 0
14 12
5 9
9 1
3 15
5 12
8 5
4 26
8 8
10 14
10 17
10 26
1 29
12 5
6 28
12 17
1 1
14 20
12 29
13 0
0 6
3 29
9 24
13 18
9 27
8 25
7 5
41
4 0
12 10
4 9
14 10
12 19
5 1
3 25
5 16
14 22
2 8
6 8
14 9
12 15
3 12
12 24
5 12
8 11
3 15
3 24
10 5
4 29
10 8
9 28
6 6
9 25
2 19
7 6
12 5
4 1
5 2
4 19
14 20
0 12
8 22
1 16
9 27
13 15
6 9
11 27
13 24
42
7 20
14 1
12 10
2 2
1 0
4 27
0 8
6 2
2 23
0 29
10 27
2 26
12 0
6 20
7 19
4 5
4 17
12 24
14 21
3 24
0 7
4 23
2 1
0 10
13 1
5 27
9 25
2 19
14 5
6 28
3 11
3 8
4 16
12 20
3 17
14 23
10 7
9 15
7 5
6 9
43
7 23
7 26
4 6
6 27
12 19
9 17
13 5
13 8
0 20
0 26
13 23
13 20
7 16
14 0
4 11
9 1
12 24
3 15
8 11
4 20
0 1
2 4
10 8
1 20
9 25
2 19
13 28
14 2
9 0
12 23
4 19
12 26
14 17
1 1
12 29
10 1
5 17
4 25
7 2
10 25
44
14 7
4 12
8 0
14 16
4 24
8 6
8 12
1 0
4 27
14 28
13 2
2 11
13 11
1 12
7 4
8 27
2 20
3 0
4 5
7 28
3 24
2 4
4 23
1 2
1 11
9 22
13 16
12 5
12 11
3 5
4 16
4 19
12 26
12 20
14 26
0 9
4 25
8 19
2 9
13 12
45
12 19
12 28
8 9
12 25
8 12
10 25
13 8
13 14
10 21
1 18
0 29
12 0
12 6
6 26
5 9
4 11
14 15
0 1
8 8
10 5
10 11
4 23
1 11
9 28
1 8
13 16
7 6
13 22
12 2
1 26
12 11
6 0
2 0
14 26
0 9
3 29
2 6
10 19
13 18
6 9
46
7 5
3 1
4 12
14 16
4 15
9 5
8 9
0 5
13 2
0 8
2 8
8 24
13 8
7 4
7 1
2 23
0 26
10 27
5 9
11 1
5 15
12 27
0 1
1 2
0 10
2 1
9 28
7 0
0 28
1 17
12 2
7 15
9 0
4 28
0 6
14 29
10 25
2 15
13 15
2 24
47
7 17
12 16
0 27
7 29
0 2
14 25
3 28
4 27
2 8
13 14
0 26
1 15
7 1
14 6
6 26
7 25
4 8
3 12
14 18
4 11
14 21
5 15
0 10
9 22
8 20
10 26
0 25
7 12
2 28
12 2
7 24
9 0
3 20
0 12
3 29
2 6
6 0
8 25
13 15
11 27
48
12 1
12 7
14 7
7 29
11 2
3 25
8 9
12 25
3 28
1 0
9 11
10 12
1 9
13 11
10 15
10 24
6 8
7 16
1 27
14 0
12 12
8 2
12 24
14 21
6 9
1 2
7 9
13 22
12 2
7 15
5 2
0 0
4 28
14 20
10 13
4 25
9 24
2 15
13 15
1 25
49
7 17
12 16
14 16
8 0
14 25
9 8
5 19
2 2
8 15
1 9
1 18
13 20
12 0
14 0
4 5
7 28
14 9
6 26
6 29
8 2
8 8
0 7
1 2
2 1
3 27
10 20
10 29
12 5
9 0
14 8
4 19
0 0
1 1
5 17
10 7
2 6
13 12
6 0
2 24
13 24
50
13 27
14 1
12 16
14 10
4 15
0 2
8 9
4 27
0 8
0 23
0 20
6 8
6 20
12 9
4 5
7 22
7 25
4 20
12 27
2 4
13 7
7 0
10 17
10 23
1 8
1 17
1 23
13 22
3 2
14 11
8 1
14 17
9 6
13 0
4 25
10 16
0 24
13 15
2 24
13 24
51
4 0
12 7
3 25
8 6
4 27
10 12
0 20
13 17
10 22
6 5
12 0
12 9
6 26
14 9
12 15
8 2
4 11
14 15
0 1
9 16
12 27
0 10
8 17
3 27
8 29
2 25
14 23
0 9
13 0
14 29
13 6
13 12
10 25
9 27
0 24
13 15
1 19
5 29
11 27
7 8
52
1 28
7 23
7 5
12 19
8 0
9 2
0 2
1 9
9 29
2 17
13 17
2 20
4 5
12 21
8 11
0 7
9 16
1 2
13 4
6 1
10 17
1 17
10 29
12 2
12 5
4 1
3 11
3 8
5 5
0 0
9 9
11 0
1 1
4 28
0 12
9 27
8 25
13 15
1 25
13 24
53
12 1
12 7
14 7
4 12
12 19
3 16
9 5
8 6
0 8
8 15
0 17
9 26
13 14
1 18
9 23
7 16
12 15
3 15
0 1
4 29
6 1
2 16
1 8
10 17
7 3
13 19
8 29
13 22
13 28
13 25
3 2
12 23
12 29
0 9
10 1
9 15
0 12
13 3
5 26
2 24
54
12 16
7 29
9 2
14 16
10 28
14 19
9 8
12 25
10 9
9 11
10 21
2 17
10 24
2 29
4 2
4 5
12 21
3 15
8 11
4 26
8 8
10 5
14 24
0 10
10 14
13 13
7 6
2 28
7 24
5 2
12 29
0 6
14 29
10 16
13 6
1 16
0 24
13 15
7 11
2 24
55
7 20
4 15
3 19
14 22
5 19
1 9
9 20
2 17
10 24
13 17
13 20
13 26
4 2
14 6
7 28
14 9
5 12
8 11
8 5
0 10
10 8
0 19
13 10
9 25
0 28
7 9
12 5
3 5
9 0
5 5
12 23
4 19
9 9
11 0
13 3
13 9
7 2
2 15
13 15
1 19
56
14 1
4 12
12 19
14 25
10 0
9 8
4 24
5 19
10 9
10 12
6 2
6 5
0 29
2 29
14 18
14 15
0 1
9 16
10 11
4 23
0 16
10 14
8 20
7 0
10 23
10 17
10 20
7 6
6 0
12 20
3 20
10 1
4 28
0 6
0 15
1 16
9 27
7 5
1 25
2 24
57
7 20
12 19
6 27
0 2
14 19
2 2
1 0
0 8
2 8
10 15
13 14
2 17
2 26
13 26
2 29
4 2
7 22
7 28
3 6
4 17
14 24
10 5
8 8
9 19
10 17
10 20
13 19
2 19
10 26
10 29
6 16
4 1
14 11
9 9
14 23
3 26
4 25
10 19
2 15
7 8
58
7 17
13 27
12 1
12 16
6 27
4 15
0 5
9 20
2 8
2 17
2 26
4 2
3 0
5 0
3 12
14 12
3 15
14 21
12 24
0 7
4 23
11 16
0 19
10 23
7 9
0 25
1 29
4 1
14 5
3 11
14 23
1 1
3 20
3 26
10 7
0 6
5 26
13 9
6 9
11 27
59
7 17
12 7
3 19
0 5
14 28
13 8
1 12
1 18
8 27
6 11
13 29
4 2
4 5
7 25
4 11
4 17
9 1
0 7
9 16
10 5
13 7
1 11
10 17
7 3
8 29
2 19
6 16
14 2
3 5
9 0
5 5
3 17
4 28
5 17
13 3
9 24
13 12
10 25
10 19
7 11
60
1 28
7 17
7 23
4 0
3 1
12 16
12 25
9 17
0 8
9 29
8 27
13 23
6 5
7 16
12 6
12 12
14 9
3 12
14 12
12 24
12 27
0 10
0 16
13 7
1 11
3 27
9 28
2 19
13 19
1 17
0 25
10 26
10 29
10 20
6 16
12 5
6 19
14 5
4 19
11 27
61
7 17
7 23
4 9
3 1
4 24
5 19
9 11
5 28
13 14
0 26
13 29
6 17
14 12
8 2
4 11
12 18
5 12
0 1
9 16
4 23
14 27
0 28
2 19
13 22
10 29
12 2
6 19
7 24
3 8
5 5
9 9
3 23
12 29
2 3
5 26
2 12
8 28
13 6
0 24
7 8
62
7 20
12 10
4 9
14 1
6 27
12 25
3 28
9 17
2 5
1 18
0 20
6 2
10 24
8 27
12 0
7 19
7 22
7 28
12 12
4 5
3 9
12 21
14 18
14 15
12 27
8 8
1 2
9 22
11 19
13 10
13 19
13 25
14 11
5 11
14 20
2 3
10 19
6 6
2 15
13 24
63
1 16
5 1
14 16
4 15
10 6
10 9
9 11
0 17
0 23
13 14
9 29
2 17
6 5
10 27
12 6
3 9
3 6
8 2
4 11
4 26
10 14
1 11
11 19
13 10
8 20
2 19
13 19
1 29
7 27
3 8
11 0
12 29
10 13
13 9
7 2
13 18
10 19
13 15
1 19
0 27
64
1 28
2 8
7 4
1 18
9 29
1 24
2 29
1 27
7 28
3 9
12 21
8 11
4 20
0 7
2 4
14 24
9 19
13 1
8 20
1 20
13 13
13 22
13 28
7 15
1 29
7 24
3 11
5 5
14 17
3 23
14 23
3 20
3 26
10 7
10 16
9 24
8 22
6 0
6 6
1 25
65
7 20
7 26
4 12
4 15
14 25
0 5
9 23
2 26
1 27
4 8
3 6
12 21
8 2
14 12
14 15
10 11
13 4
0 10
13 1
13 7
11 19
2 16
10 26
7 6
12 5
12 11
12 8
7 27
3 8
3 20
2 0
5 17
8 16
9 15
7 11
2 6
2 12
6 0
1 19
11 27
66
6 12
13 27
14 1
14 7
12 16
5 1
0 5
10 9
9 11
1 9
13 14
1 12
0 20
2 29
7 22
14 9
14 12
4 17
12 24
0 1
3 24
10 11
14 27
1 11
5 27
10 29
14 2
4 16
12 20
3 17
3 26
8 16
9 15
0 12
8 19
9 24
13 6
6 6
2 15
10 22
67
5 1
9 17
2 5
9 20
1 12
6 5
1 24
6 20
6 17
3 9
4 8
8 5
8 11
4 20
0 1
9 16
10 5
4 23
10 11
3 27
5 27
9 28
2 28
12 11
14 2
12 8
7 24
9 0
0 0
3 20
14 26
10 13
14 29
13 3
5 26
8 19
9 24
8 28
13 15
7 11
68
4 6
12 19
8 0
14 16
11 2
14 19
0 5
14 22
5 28
13 8
8 24
0 20
2 23
13 20
1 27
4 2
14 6
12 9
7 28
7 25
8 2
3 15
11 1
9 16
10 5
13 4
0 10
13 1
2 16
10 23
10 20
1 26
1 29
4 1
14 11
14 23
5 20
2 12
7 11
0 27
69
7 20
3 1
14 7
4 9
14 19
5 16
3 25
10 0
9 11
1 9
0 11
2 8
10 15
9 26
13 17
7 19
1 27
7 22
4 5
5 0
12 24
11 1
8 8
2 4
1 2
13 4
0 10
9 25
7 6
13 22
3 5
8 1
11 0
9 6
3 26
4 25
0 6
14 29
13 6
13 12
70
12 1
5 1
12 22
0 2
14 19
3 28
10 9
10 12
9 26
10 15
10 21
6 2
0 26
6 8
6 20
7 19
7 22
7 28
6 29
3 15
14 24
10 11
3 27
8 17
11 19
7 0
13 10
13 13
7 9
2 19
12 8
7 27
12 23
11 0
0 0
3 23
0 9
13 3
2 6
6 9
71
4 9
14 16
9 17
1 12
0 20
0 26
2 23
2 20
10 27
1 24
3 9
3 6
4 17
13 21
5 12
3 24
10 5
1 2
4 23
10 8
11 16
8 20
8 26
7 3
10 29
6 16
7 15
5 11
9 9
11 0
9 12
4 28
8 19
5 26
7 8
13 18
6 6
1 19
1 25
2 24
72
7 5
7 20
14 1
7 29
3 16
4 15
5 16
14 22
2 2
10 9
9 11
3 28
13 5
5 28
6 2
1 18
14 6
4 5
12 6
5 6
4 8
5 9
8 5
3 24
13 1
8 17
1 11
8 26
3 8
9 0
3 23
4 28
5 17
13 9
8 22
13 12
6 6
13 15
10 28
0 27
73
12 28
3 25
11 2
8 9
5 16
2 2
14 22
9 11
2 11
1 9
0 20
2 23
10 22
1 24
7 16
13 26
2 29
4 8
3 12
6 29
12 18
8 5
4 26
4 29
13 1
1 8
9 25
7 3
7 9
12 2
1 26
5 5
5 11
0 0
14 17
5 20
7 2
13 18
0 24
7 5
74
6 12
12 1
13 27
12 16
3 16
8 9
10 6
5 28
13 14
13 17
0 29
12 0
7 16
2 29
1 27
4 5
7 22
12 15
3 12
3 15
8 5
10 2
5 15
3 24
13 1
10 14
10 17
1 20
9 25
8 29
1 23
12 2
13 25
14 11
9 6
4 25
8 19
13 9
1 16
13 15
75
4 12
14 10
12 19
0 2
2 2
13 5
13 11
9 20
0 23
13 23
13 20
13 26
13 29
14 0
6 17
12 12
5 0
12 21
4 20
5 15
8 8
4 23
4 29
0 16
13 7
13 16
9 25
2 28
1 26
6 16
7 12
12 5
3 8
14 17
8 19
10 16
13 6
10 25
7 5
7 11
76
12 1
12 7
14 1
14 16
3 16
0 5
10 12
1 9
2 11
9 26
8 24
13 14
6 11
0 29
13 26
3 0
7 22
4 11
8 11
5 15
1 2
0 10
10 8
10 14
10 17
10 23
10 20
2 28
7 15
7 24
14 5
14 11
14 20
14 26
5 17
5 20
2 6
8 22
7 2
13 21
77
7 17
12 7
14 7
4 6
5 1
3 16
12 28
5 16
14 28
10 9
13 5
13 8
6 2
9 23
0 20
2 17
12 12
14 9
3 6
12 24
11 1
0 1
10 11
10 14
8 23
9 28
11 19
7 12
13 25
14 11
5 2
5 5
9 9
3 17
9 12
2 3
8 19
13 6
10 28
2 24
78
6 12
12 7
3 1
12 16
14 28
8 24
10 21
6 2
2 17
13 17
10 24
13 23
6 11
3 0
14 9
5 6
3 6
14 15
8 11
4 26
10 5
13 4
9 19
14 27
1 8
0 28
8 29
10 29
7 12
14 5
3 11
5 2
8 1
12 26
12 29
10 13
14 29
2 9
13 6
1 16
79
13 27
7 23
12 10
4 9
7 26
12 22
3 19
8 9
14 28
13 5
2 11
1 12
7 1
0 29
12 0
2 29
1 27
12 24
8 5
10 14
1 11
0 28
8 29
1 23
7 6
7 24
3 5
4 16
5 11
8 1
14 23
14 20
0 9
0 6
3 29
2 9
0 24
10 22
7 11
13 24
80
1 28
6 27
8 0
12 28
3 25
12 25
9 8
4 27
10 12
13 5
9 26
9 23
6 2
8 27
2 29
3 0
6 29
14 18
12 24
5 12
14 24
13 7
1 11
6 1
7 3
7 9
14 5
3 8
4 16
12 20
12 26
3 23
2 0
14 29
13 3
5 20
5 29
9 27
10 28
0 27
81
5 1
4 24
5 19
9 11
2 11
1 12
13 14
0 20
8 27
13 17
6 5
2 20
2 26
6 8
3 0
5 6
5 9
14 18
5 15
0 7
10 11
10 5
0 16
9 22
1 20
1 17
2 25
3 2
3 5
7 27
5 11
3 23
14 20
0 12
8 19
10 16
0 15
7 2
6 6
2 15
82
2 27
7 23
7 20
1 16
4 12
12 28
11 2
3 28
4 27
10 25
6 2
9 29
7 28
3 9
5 6
4 8
12 18
12 24
12 27
9 16
10 8
11 16
9 22
5 27
7 0
1 17
12 2
13 28
12 11
4 1
12 20
14 17
9 6
13 0
0 12
13 3
2 6
7 2
13 18
13 21
83
12 7
14 7
0 2
10 6
3 28
0 8
13 5
5 28
9 20
0 17
10 15
6 2
9 29
2 17
14 0
12 15
9 1
12 24
0 1
10 8
1 11
9 28
10 23
1 20
1 23
10 29
2 25
3 2
4 1
5 8
10 1
8 16
14 26
2 3
13 9
0 15
13 6
10 25
6 6
7 8
84
12 1
7 17
12 10
7 26
4 12
7 29
12 22
12 28
14 25
0 2
14 28
13 2
2 11
0 11
1 18
0 20
2 23
14 6
6 26
5 6
4 8
14 18
12 24
14 21
8 11
4 29
2 28
13 28
1 29
5 5
12 26
1 1
3 20
10 1
0 9
4 25
8 19
13 9
6 0
6 9
85
1 28
12 7
6 27
12 22
5 16
10 6
14 22
13 2
5 28
8 24
10 21
6 2
7 1
13 26
12 6
3 6
4 17
0 1
13 10
10 23
13 16
2 19
12 2
6 16
2 25
1 29
3 11
9 0
4 16
3 17
14 23
1 1
9 6
10 1
3 26
3 29
8 19
13 12
13 15
7 8
86
12 10
12 28
10 6
5 28
9 20
13 14
0 20
7 1
13 17
2 20
2 26
1 24
2 29
12 9
7 28
9 1
12 18
9 16
8 8
11 16
8 23
9 22
8 20
2 16
8 26
9 25
10 23
7 3
2 19
0 25
2 28
6 16
14 2
14 26
8 16
13 0
0 6
2 3
5 20
9 27
87
6 12
14 1
12 19
14 19
5 16
9 26
1 12
9 23
9 29
10 24
13 20
13 26
7 16
14 6
7 28
5 6
3 6
4 11
11 1
14 24
5 15
3 24
13 4
14 27
12 27
8 26
10 23
13 10
8 29
1 17
12 2
7 24
3 8
14 8
9 12
2 0
13 3
0 15
6 6
1 25
88
6 12
7 26
3 19
5 16
0 8
10 25
0 23
7 1
1 15
6 5
12 0
4 5
4 11
3 15
14 24
2 4
13 4
9 16
2 1
0 16
13 1
13 7
0 10
14 27
2 16
10 29
12 26
14 23
0 0
11 0
9 12
5 17
2 0
2 3
5 26
8 28
1 16
7 2
13 15
10 28
89
7 17
7 23
4 6
6 27
10 28
14 22
0 5
13 2
5 28
1 9
0 17
0 23
1 12
6 2
6 8
12 0
14 0
3 12
14 12
6 29
12 18
10 2
9 22
1 8
10 17
2 16
13 22
6 16
7 24
4 16
9 0
9 9
12 26
10 1
0 6
2 9
13 9
1 16
6 6
7 11
90
12 1
7 29
5 1
11 2
12 25
4 24
13 5
1 12
10 24
6 11
6 17
3 0
12 12
4 8
12 21
12 24
8 11
9 16
10 11
10 8
8 23
9 28
13 19
0 25
12 2
1 29
14 5
7 27
3 23
12 29
3 26
10 7
10 13
8 22
8 28
7 2
0 24
0 27
7 8
13 24
91
4 0
7 17
14 1
4 12
6 27
5 1
11 2
3 19
0 2
10 0
0 24
5 28
13 8
9 29
13 17
6 20
7 28
14 15
10 5
7 0
1 8
2 19
8 29
13 22
2 28
10 29
1 29
4 1
14 8
14 23
14 26
4 25
0 12
5 29
10 19
1 16
8 28
2 15
1 25
2 24
92
6 12
7 17
14 1
12 16
5 1
4 15
12 28
3 25
8 9
14 25
14 28
0 8
10 21
9 29
8 27
10 24
6 20
12 21
4 17
10 14
9 22
7 0
7 12
12 11
3 5
6 28
3 11
1 19
14 17
9 6
14 20
2 0
14 26
4 25
10 7
5 20
9 24
6 6
7 11
6 9
93
13 27
7 29
5 1
14 10
0 2
10 12
2 8
8 24
1 12
6 2
9 29
2 17
10 24
7 1
2 20
1 27
5 12
0 1
10 11
1 2
10 8
1 11
11 19
8 20
1 23
2 28
12 5
14 11
9 0
3 8
3 23
0 9
13 0
8 16
0 6
3 29
13 9
8 22
10 19
10 28
94
9 2
5 1
3 16
3 19
5 16
14 22
8 24
9 29
8 27
12 0
13 29
12 9
14 6
3 0
7 28
14 12
3 12
8 2
10 2
4 23
13 4
8 17
10 14
13 1
9 28
2 19
13 13
13 15
2 25
14 2
4 16
12 23
4 28
8 16
0 12
9 24
7 2
6 6
2 15
7 5
95
7 23
7 20
4 12
4 15
11 2
14 25
8 12
0 24
0 17
13 14
0 20
2 20
6 26
8 2
12 24
3 24
1 2
3 27
9 22
5 27
8 29
7 3
1 17
12 2
7 15
3 5
4 19
3 17
14 17
12 29
0 12
8 19
2 3
5 26
7 2
9 27
8 25
1 19
7 8
13 24
96
7 26
4 9
3 16
12 22
9 17
2 8
13 8
6 2
1 15
10 27
13 26
3 0
7 25
3 12
14 12
4 11
14 18
12 24
3 15
12 27
0 7
14 24
0 1
13 7
7 3
3 2
14 2
5 2
9 9
14 23
9 6
1 1
9 12
2 0
10 13
9 15
3 20
2 6
10 25
2 24
97
1 28
2 27
12 7
6 15
4 9
3 16
4 24
13 2
2 5
2 8
7 4
9 23
13 17
13 20
3 0
4 5
12 15
14 12
3 12
12 21
4 17
14 15
12 27
10 5
11 16
9 22
5 27
10 23
13 13
10 20
12 20
3 17
9 12
2 0
13 0
3 26
0 9
13 3
5 26
9 27
98
7 20
4 9
3 1
4 12
7 29
0 2
14 19
11 2
3 25
0 5
2 2
1 0
5 28
10 15
1 18
8 27
6 8
1 24
2 29
6 17
12 9
14 12
5 9
4 17
3 15
8 5
8 8
0 10
1 11
7 0
7 3
0 28
2 19
3 8
9 6
12 29
5 26
13 12
10 25
0 24
99
7 17
4 0
12 7
7 20
12 10
7 29
14 10
9 2
4 15
0 2
2 2
1 0
4 27
2 5
2 8
10 15
6 2
1 27
3 0
12 21
14 18
5 12
12 27
8 8
1 8
8 26
13 19
1 23
7 15
1 25
12 26
3 20
0 12
10 16
13 9
9 24
13 6
0 15
8 25
6 9
