0
12 7
12 10
14 7
4 12
8 0
1 0
9 17
0 17
13 8
7 1
1 15
10 22
4 5
12 6
14 9
3 12
14 12
12 21
14 15
10 2
0 1
0 7
2 4
10 14
13 19
1 17
10 29
12 5
4 16
12 20
5 8
12 26
0 0
3 17
9 12
5 26
2 15
7 5
6 9
11 27
1
1 28
4 12
12 28
8 9
9 8
1 0
0 24
13 8
1 18
2 17
10 24
14 0
6 26
3 9
4 8
5 9
2 4
1 2
13 4
4 29
8 23
1 8
2 19
2 28
13 28
10 29
13 25
12 8
3 5
14 11
3 11
9 0
4 16
5 11
8 19
8 22
13 6
2 15
13 15
13 21
2
4 12
9 5
12 28
5 16
9 8
3 28
14 28
2 2
0 17
0 23
13 17
0 29
13 20
1 24
1 27
12 9
14 6
4 5
7 28
12 15
6 29
14 18
5 12
10 2
3 24
14 27
11 16
8 17
2 16
8 26
1 23
1 26
4 19
14 20
3 26
0 24
7 11
1 25
0 27
7 8
3
13 27
7 23
14 1
14 7
4 12
14 10
10 6
4 27
5 28
1 12
1 18
0 26
10 24
12 6
7 28
12 12
7 25
14 18
12 24
14 21
11 1
3 27
10 14
0 19
0 28
10 26
1 17
13 22
6 19
12 11
6 28
14 8
0 0
3 17
2 0
14 26
10 19
10 25
9 27
6 9
4
6 15
14 1
4 9
12 19
14 16
14 28
9 17
13 5
0 11
9 20
2 20
13 29
3 0
4 8
6 29
4 11
9 1
13 4
14 27
8 17
0 16
6 1
11 19
5 27
0 25
7 6
12 2
6 16
6 19
14 5
12 20
5 8
14 23
9 6
2 0
13 6
10 19
6 0
7 5
11 27
5
3 19
10 6
3 28
2 11
0 11
9 23
1 15
6 5
1 24
4 2
12 6
12 12
12 21
12 27
9 16
10 5
10 11
1 2
4 23
13 1
8 17
9 22
11 19
0 19
7 12
2 25
1 29
3 2
7 24
5 5
14 17
14 23
1 1
10 7
0 12
0 15
8 22
6 0
0 24
13 15
6
13 27
14 7
5 1
14 19
4 24
10 9
2 8
10 15
0 23
6 2
1 18
13 17
13 23
2 20
5 0
5 6
3 12
5 9
3 15
8 5
8 11
4 20
4 23
14 27
1 8
2 19
1 23
2 25
6 19
14 2
14 5
9 6
9 12
0 9
2 0
13 12
10 25
6 6
1 25
7 8
7
12 7
14 7
4 12
5 1
14 10
13 2
10 15
9 29
2 23
2 29
4 2
7 25
14 15
5 12
12 24
8 5
8 8
10 5
4 23
2 4
10 11
11 16
8 23
9 16
4 29
1 20
7 3
10 26
7 15
1 29
12 11
4 1
14 5
9 0
5 5
4 19
14 29
7 2
1 19
0 27
8
14 1
4 12
14 10
9 8
13 2
0 8
1 9
10 15
0 23
0 26
1 15
2 17
0 29
1 24
6 8
12 0
12 12
14 12
2 4
8 23
9 25
7 3
1 17
7 15
14 5
3 11
12 17
12 20
0 0
14 23
1 1
0 9
2 0
3 29
2 3
7 2
1 16
7 5
13 21
6 9
9
12 10
4 9
6 27
12 28
4 24
8 12
9 26
0 17
7 4
2 17
1 15
13 23
10 27
1 24
6 20
1 27
7 19
7 22
6 29
14 12
5 9
11 1
4 23
1 2
3 27
10 17
7 3
13 19
0 25
7 6
13 22
6 19
12 17
4 16
10 16
0 15
2 12
13 12
8 28
10 22
10
12 7
7 20
12 10
3 16
9 5
14 28
1 0
2 2
7 4
1 18
2 26
13 26
12 0
4 2
12 6
12 12
5 9
12 18
14 21
8 11
11 1
5 15
13 7
5 27
0 28
2 19
7 6
13 22
12 2
3 2
4 19
12 26
11 0
2 0
8 16
10 13
2 9
2 6
8 25
10 28
11
6 12
1 28
2 27
4 12
0 2
12 28
12 25
14 22
2 2
8 12
6 2
0 20
8 27
13 20
7 22
7 28
5 0
14 9
7 25
12 18
0 1
0 7
10 5
11 16
8 23
13 16
13 13
10 26
2 25
1 29
12 8
5 2
3 8
5 11
12 20
10 16
0 15
5 29
6 0
7 11
12
7 23
14 7
9 2
14 16
8 0
10 6
5 28
9 20
0 17
10 15
1 12
9 23
13 20
13 29
14 21
5 15
13 4
13 1
9 22
9 25
7 9
0 25
7 12
13 22
14 5
3 11
6 28
14 11
5 5
5 11
9 6
14 20
4 28
14 26
14 29
2 6
2 12
13 12
13 18
10 28
13
14 1
7 29
12 22
3 19
10 6
14 22
1 0
0 8
8 15
8 24
2 17
2 23
10 24
13 17
0 29
13 20
1 15
12 0
3 0
5 9
4 20
4 23
3 27
8 17
9 19
0 10
8 20
1 8
13 16
7 6
13 25
9 9
5 8
12 29
5 20
5 26
13 9
0 15
5 29
10 19
14
1 28
9 2
12 19
5 19
13 2
0 8
13 11
9 20
2 8
9 26
10 21
0 20
12 6
3 9
14 9
6 26
14 12
9 1
8 11
4 26
10 5
1 2
0 10
11 16
8 17
0 19
1 8
10 17
12 8
5 2
3 11
3 8
9 0
12 17
5 8
1 1
14 26
0 15
8 22
1 19
15
4 0
13 27
6 15
3 1
4 6
14 10
12 22
2 2
8 12
10 9
0 8
13 5
10 15
13 8
6 2
6 20
12 6
3 6
3 12
8 8
10 5
10 11
1 2
13 1
8 23
10 17
13 16
10 20
1 17
13 28
2 25
14 5
5 5
8 1
10 1
2 0
14 26
14 29
5 20
13 6
16
13 27
7 20
4 12
3 16
4 15
12 22
0 5
8 15
10 21
7 4
0 29
13 26
1 27
6 26
8 2
4 11
12 18
8 5
4 20
11 1
2 4
11 16
0 16
13 1
13 19
13 22
13 28
2 25
4 16
5 8
8 1
9 9
11 0
14 20
9 12
9 24
2 12
13 6
1 16
13 24
17
1 28
12 7
7 23
7 20
14 1
12 16
4 12
7 29
12 28
11 2
0 2
14 28
9 17
0 17
6 2
8 27
10 24
13 20
13 26
7 16
14 0
12 6
3 9
12 18
8 11
1 2
9 19
2 1
10 14
3 27
13 7
2 19
7 6
13 22
7 15
5 2
7 27
12 17
2 6
6 0
18
1 28
12 7
4 9
3 1
4 6
14 16
3 16
0 2
8 6
0 5
2 11
5 28
9 29
8 27
13 26
6 8
5 9
3 15
14 15
5 12
13 4
4 29
2 1
11 16
1 11
1 23
12 2
12 5
6 28
9 9
12 29
3 26
13 0
0 6
13 3
7 2
10 19
6 6
13 21
0 27
19
7 29
8 0
3 19
14 22
2 2
14 28
2 11
1 9
9 26
13 8
2 8
8 24
0 23
7 1
2 23
10 25
0 20
0 29
7 19
6 17
11 1
5 15
2 4
4 29
0 10
0 16
10 14
13 13
10 26
13 22
6 28
7 27
9 12
0 6
9 15
13 12
13 18
9 27
2 15
1 19
20
13 27
12 7
6 15
3 1
9 2
0 2
8 9
3 25
14 19
0 8
8 15
1 12
7 1
7 19
6 17
7 28
9 1
12 18
3 15
14 21
1 11
5 27
13 10
13 16
0 19
7 9
7 12
12 11
12 8
7 24
3 5
7 27
4 19
14 23
2 3
2 12
5 29
1 16
10 19
7 5
21
12 7
3 1
4 12
10 0
14 25
0 5
8 15
0 17
13 8
2 8
10 21
0 20
8 27
2 23
12 0
2 29
7 19
3 0
4 8
5 9
10 5
10 11
10 8
11 19
2 16
10 20
8 29
7 12
5 8
3 20
14 20
4 28
0 6
5 20
2 9
2 6
8 22
2 12
9 27
10 28
22
12 7
7 20
12 28
5 16
4 27
2 11
1 9
10 25
10 15
6 2
10 27
7 28
5 0
0 7
3 24
9 19
0 16
9 22
0 19
7 6
10 29
1 26
2 28
7 15
1 29
4 1
3 11
6 28
5 5
12 23
9 6
0 9
8 16
5 17
0 6
2 9
9 24
0 15
13 18
7 8
23
6 12
12 1
7 23
4 12
7 29
0 2
10 0
10 6
2 2
4 27
1 9
13 11
1 12
13 14
9 29
8 27
0 29
7 16
7 22
12 15
6 29
4 11
10 2
3 27
8 23
9 25
2 19
0 28
2 28
7 12
2 25
3 11
8 1
4 28
2 3
14 29
13 6
2 15
6 9
13 24
24
7 17
12 7
12 19
11 2
12 25
0 5
3 28
14 28
9 11
13 11
9 29
7 1
2 23
10 24
6 11
12 0
7 19
6 26
4 8
12 15
6 29
12 21
14 24
8 8
3 27
8 17
1 11
7 0
13 10
13 16
1 23
12 2
12 11
9 0
0 0
8 16
5 29
13 6
2 15
2 24
25
6 12
7 5
14 1
7 26
12 10
4 6
0 2
8 6
0 24
9 17
13 5
13 11
10 24
2 20
10 27
6 8
7 16
13 20
7 22
8 2
10 11
13 4
2 1
14 27
0 16
6 1
12 2
12 11
12 8
9 0
12 17
9 6
2 0
0 9
10 7
8 16
8 19
8 25
13 15
1 19
26
4 6
14 10
8 0
14 19
8 9
10 6
9 8
1 0
13 5
8 24
13 17
2 23
14 6
5 0
5 6
7 25
6 29
8 5
5 15
4 23
9 27
8 20
7 0
1 20
7 3
13 13
12 8
6 28
5 8
12 26
3 20
13 3
13 9
9 24
5 29
7 2
13 18
6 6
13 21
6 9
27
3 1
7 29
3 16
12 22
12 25
5 19
3 28
10 12
13 11
2 8
10 15
13 20
2 29
14 0
14 6
6 26
3 9
14 12
8 2
14 15
8 17
8 20
1 20
0 28
13 19
13 13
0 25
2 28
1 26
12 5
3 8
4 19
1 1
4 28
5 17
0 12
3 29
10 16
5 29
1 25
28
6 12
7 23
14 1
14 22
9 11
2 8
1 12
13 14
0 20
0 26
6 5
2 20
10 27
7 28
5 0
14 18
13 21
14 21
10 2
4 20
11 1
4 26
10 5
4 23
0 10
11 19
13 10
10 23
14 2
5 2
3 11
12 23
1 1
3 20
0 9
5 29
8 22
8 25
10 28
11 27
29
2 27
4 9
14 16
12 22
12 28
10 0
14 25
9 5
0 5
0 8
2 5
5 28
2 17
2 20
14 0
7 22
12 12
6 26
3 15
10 11
13 18
10 20
2 19
13 19
7 15
12 11
4 1
14 5
14 11
12 17
5 5
14 20
0 12
8 19
13 9
14 29
0 15
9 24
6 0
7 8
30
12 7
7 20
3 1
14 7
14 10
9 2
4 15
12 22
8 9
3 25
9 8
0 5
14 28
4 27
0 11
10 15
1 18
9 23
0 29
3 0
14 6
7 28
10 2
0 1
10 5
2 1
0 16
7 0
10 23
10 26
13 15
14 2
12 11
14 8
5 11
5 8
10 7
8 19
2 12
7 5
31
1 28
7 23
3 1
5 1
12 19
5 16
10 6
0 5
1 0
2 5
2 11
1 9
9 23
2 17
10 27
1 24
7 19
7 22
12 12
7 28
5 9
0 1
3 24
13 4
6 1
5 27
12 2
1 26
2 25
12 11
7 24
12 8
14 5
9 12
14 26
4 25
3 29
0 15
13 18
1 25
32
2 27
7 23
3 1
4 9
6 27
8 9
3 25
14 25
5 28
2 11
0 11
9 29
7 1
0 29
14 6
5 0
14 18
5 15
8 8
9 19
0 16
13 7
1 11
8 17
9 28
2 16
13 10
10 8
0 28
12 2
12 11
14 5
7 27
3 8
12 23
0 0
4 28
2 3
0 12
8 22
33
6 12
4 9
12 16
10 0
9 17
0 17
13 8
0 20
0 26
2 26
7 16
13 20
4 2
4 5
12 6
5 0
7 25
12 15
12 21
9 1
12 18
5 12
8 11
0 1
0 7
9 16
1 2
0 16
11 19
13 10
13 19
14 2
14 5
12 17
4 19
3 17
0 9
4 25
10 28
2 24
34
6 12
4 0
12 16
5 1
3 25
14 28
13 5
2 11
9 20
1 12
0 26
13 17
2 23
2 20
2 26
4 2
14 0
12 12
5 6
4 11
13 21
11 1
8 8
4 23
4 29
0 16
0 19
8 20
5 27
1 26
5 5
3 20
14 26
2 0
10 13
0 12
2 12
2 15
7 11
11 27
35
13 27
5 1
11 2
8 9
5 19
13 2
4 27
8 15
13 5
10 15
9 29
2 20
12 0
2 29
1 27
14 0
6 26
4 17
3 15
10 2
4 20
0 1
5 15
11 16
13 7
2 16
8 26
2 19
6 16
2 25
1 29
12 5
14 8
8 1
4 28
4 25
0 12
13 3
2 15
1 25
36
6 12
4 0
6 15
7 23
7 20
4 6
14 25
0 17
2 23
14 0
7 25
3 6
8 5
5 12
11 1
4 23
13 4
3 27
0 16
9 28
13 10
13 16
5 27
0 25
2 28
13 28
12 2
5 2
14 8
12 17
11 0
3 23
5 8
12 29
10 1
4 25
0 15
8 28
6 0
10 28
37
7 20
12 16
5 1
8 0
3 19
5 16
11 2
8 9
14 22
8 12
1 0
0 8
7 1
10 24
12 9
6 26
14 9
12 15
9 1
14 21
10 5
1 2
4 23
14 27
0 16
9 22
1 20
8 29
6 16
13 25
7 15
12 11
12 8
3 8
6 0
9 9
13 6
7 2
5 29
13 21
38
4 0
6 27
5 1
0 2
12 28
4 27
5 28
13 11
0 17
2 8
6 8
1 24
14 0
3 9
3 6
8 2
4 11
10 2
0 10
3 27
7 0
10 17
13 10
10 23
1 8
10 20
13 28
6 16
4 1
12 8
12 17
5 5
4 16
0 0
12 26
9 12
8 22
0 24
13 15
11 27
39
6 12
2 27
4 0
9 2
11 2
0 8
10 21
9 23
8 27
7 1
13 23
13 20
13 29
5 0
3 12
14 18
12 18
12 27
4 26
14 24
13 4
0 1
9 28
9 25
8 29
14 2
12 8
14 5
5 2
5 5
12 26
9 9
1 1
5 17
13 0
3 26
14 29
2 3
10 16
0 15
40
4 0
7 20
4 9
3 1
5 1
10 6
1 0
0 8
2 11
9 20
2 8
13 8
10 15
1 12
9 29
6 20
1 27
14 0
14 6
12 9
7 28
3 12
14 18
4 17
12 18
10 11
14 27
9 25
13 13
7 6
6 16
14 2
4 1
7 27
14 8
5 11
9 12
8 28
13 15
13 21
41
7 23
7 26
6 27
3 19
10 6
9 17
0 8
2 11
10 12
13 11
10 15
10 21
1 18
8 27
2 23
0 29
13 26
7 16
13 29
6 17
14 0
12 6
12 27
8 8
13 1
8 23
8 17
5 27
7 0
12 2
12 11
5 5
5 8
10 1
5 17
3 26
8 16
14 29
2 12
7 11
42
2 27
3 1
12 16
4 6
12 19
11 2
9 8
4 24
14 28
13 2
13 5
13 11
10 12
13 14
1 18
13 20
14 0
14 9
5 6
6 29
14 15
10 2
8 11
4 20
1 8
10 23
10 26
0 25
14 2
4 1
7 27
5 11
4 19
13 0
7 11
5 26
2 9
1 19
1 25
13 24
43
6 12
12 7
12 10
7 29
9 11
10 21
2 23
0 29
10 27
2 29
12 12
14 9
5 9
14 18
14 21
10 2
11 1
9 16
0 7
13 1
10 23
0 28
7 9
1 23
8 29
12 2
6 16
4 1
12 8
3 5
14 20
0 9
8 16
9 12
0 6
2 9
13 9
8 19
9 24
13 21
44
6 12
2 27
12 28
5 16
8 9
3 28
9 11
9 17
5 28
2 8
9 29
2 26
12 6
6 26
3 12
8 2
3 15
14 21
8 23
0 19
13 10
9 28
5 27
0 28
10 26
2 25
7 15
13 25
12 23
5 11
9 9
11 0
1 1
9 12
10 1
5 17
3 29
5 29
13 18
1 19
45
13 27
6 15
4 0
7 26
14 7
5 1
9 2
8 25
9 8
9 11
2 20
2 26
10 27
7 16
5 0
6 29
4 17
12 24
14 21
11 1
1 2
9 22
13 10
1 17
5 2
7 27
4 19
1 1
3 20
5 17
10 7
0 12
13 3
8 19
0 15
5 29
2 15
7 5
1 25
11 27
46
12 1
4 0
14 25
12 25
14 22
1 0
4 27
0 17
0 20
4 2
3 0
12 15
3 12
5 12
3 24
14 27
8 23
6 1
8 20
10 17
11 19
0 19
2 28
13 28
14 11
12 17
14 8
0 0
1 1
2 0
5 17
0 12
13 9
2 6
10 19
6 0
6 6
0 24
7 2
7 11
47
7 23
14 1
4 12
12 22
12 25
10 9
13 11
8 24
1 18
2 17
2 23
0 29
1 27
3 0
4 2
7 22
6 29
5 9
10 11
13 1
11 16
10 8
6 1
10 17
13 22
6 16
4 1
14 11
5 5
12 20
8 1
0 0
13 0
0 6
8 19
13 9
0 15
1 25
7 8
13 24
48
13 27
4 0
14 1
9 2
14 19
10 6
2 5
5 28
13 14
9 29
13 23
12 15
14 12
12 21
6 29
8 11
8 8
10 11
3 27
13 7
8 20
8 26
1 20
7 3
7 6
10 29
13 28
6 16
7 24
14 11
9 9
10 1
9 15
2 3
2 9
7 2
13 12
6 6
8 25
13 24
49
6 15
3 1
5 1
14 10
12 28
0 2
14 19
0 8
2 5
10 12
0 11
1 12
8 27
13 23
6 11
0 29
1 27
5 9
14 15
8 11
5 15
10 5
10 11
9 19
14 27
9 28
2 16
9 25
4 1
7 27
4 16
12 23
3 17
3 23
3 26
2 9
5 29
7 2
8 25
0 27
50
2 27
7 20
7 26
4 6
4 12
7 29
3 16
12 22
10 0
8 6
10 9
2 11
1 18
9 29
8 27
9 23
2 17
0 29
10 27
12 0
4 2
3 0
5 6
5 9
4 17
14 21
13 4
10 14
6 1
1 20
13 19
7 15
12 11
3 26
2 9
13 3
13 6
9 27
6 9
0 27
51
1 28
7 17
7 29
14 19
8 9
0 5
9 11
2 5
13 11
0 11
9 26
1 15
13 29
12 6
7 25
12 21
14 18
3 15
12 24
14 24
6 1
1 8
9 25
10 20
12 2
14 2
12 11
6 19
14 8
5 5
4 19
3 17
12 29
2 0
10 7
3 26
3 29
9 24
2 12
2 6
52
6 12
4 6
5 16
14 25
8 6
8 12
10 9
2 5
10 12
1 18
1 15
3 0
12 9
12 6
12 15
6 29
5 9
10 2
0 1
5 15
14 24
4 23
0 16
11 16
8 23
8 20
5 27
7 6
6 19
12 11
6 28
12 17
14 23
8 16
3 29
13 3
5 29
13 12
13 21
2 24
53
6 12
1 28
4 0
9 2
14 10
4 15
8 9
3 25
9 8
4 27
13 5
9 20
8 24
9 29
12 0
1 27
3 0
14 9
14 15
8 5
12 27
14 24
11 1
9 19
13 1
10 23
1 23
6 19
5 2
6 28
7 27
3 8
9 6
13 0
3 29
2 3
8 28
8 25
7 11
6 9
54
7 17
12 7
12 10
3 1
8 0
10 6
14 22
8 12
4 27
2 5
2 11
9 26
0 17
13 14
9 23
1 18
1 15
6 8
12 0
13 29
3 0
6 29
4 20
11 1
4 23
9 19
11 16
13 7
2 1
9 22
6 1
13 10
1 17
0 25
12 5
3 17
5 8
9 6
4 28
5 26
55
7 23
14 10
14 28
13 11
0 11
9 26
2 8
9 23
6 2
6 5
13 23
7 19
12 15
14 12
9 1
0 7
10 5
3 24
8 8
8 17
6 1
11 19
1 8
1 17
13 25
14 2
3 11
4 16
12 26
14 23
9 6
0 9
10 1
8 16
3 29
2 9
5 29
13 6
1 16
13 24
56
13 27
7 26
12 16
12 10
4 6
14 10
3 16
9 5
14 19
3 25
10 15
8 27
10 27
6 8
12 0
7 22
14 9
12 15
9 1
5 12
8 5
12 27
5 15
11 1
13 1
9 28
8 29
0 28
7 9
13 22
13 25
12 8
12 17
5 11
12 26
11 0
0 0
3 26
5 20
13 6
57
6 12
12 7
7 23
4 15
3 19
10 0
3 25
4 24
14 22
0 5
13 5
10 12
0 11
7 4
9 29
8 27
6 5
1 27
13 29
14 6
12 6
14 9
6 29
9 1
8 5
8 17
13 16
1 26
7 15
12 8
3 11
9 0
14 20
5 17
4 28
13 9
13 6
13 12
1 16
7 2
58
5 19
1 0
9 11
8 15
13 8
6 8
1 27
12 12
14 9
4 8
12 15
8 2
8 8
4 29
2 1
10 14
8 20
13 16
1 20
8 29
10 20
1 23
7 12
13 28
6 19
5 2
6 28
7 27
4 16
14 17
12 26
14 20
9 12
8 16
2 0
2 3
8 19
9 24
13 21
0 27
59
7 23
3 1
1 16
9 2
9 5
0 2
14 25
14 19
10 6
4 27
2 5
0 11
2 23
1 15
13 23
12 0
12 12
14 12
5 9
12 21
14 21
10 11
11 19
10 23
10 26
7 12
7 15
4 1
12 8
3 11
4 19
0 0
1 1
12 29
14 26
10 13
5 20
5 29
6 0
13 24
60
13 27
7 26
12 10
4 9
14 10
12 28
3 25
5 16
0 5
4 27
10 15
1 12
1 27
7 28
12 21
8 5
10 5
10 11
4 29
4 23
13 4
10 8
8 23
9 22
0 19
2 16
13 16
13 10
7 9
7 24
3 5
12 17
5 5
5 8
11 0
5 17
10 7
0 12
8 28
0 24
61
13 27
12 7
6 15
7 20
4 15
9 5
9 8
12 25
14 28
2 5
0 23
8 24
10 15
13 17
7 19
7 22
4 8
3 15
8 8
14 24
8 20
13 18
8 29
13 19
0 25
7 6
12 11
14 5
5 2
9 0
12 17
5 11
4 19
5 8
0 0
1 1
9 15
2 6
6 0
10 28
62
8 0
4 15
5 19
2 2
9 20
0 17
1 12
2 23
0 29
13 20
6 20
2 29
4 2
13 29
3 0
14 9
13 21
14 21
11 1
3 24
9 16
4 29
9 19
10 17
10 23
9 25
8 29
7 9
2 28
13 28
6 16
12 23
8 1
3 26
4 25
5 26
8 28
10 22
10 28
6 9
63
4 6
10 0
8 12
14 28
0 8
2 11
1 9
10 12
9 23
8 27
2 20
6 8
1 24
12 9
4 5
5 0
12 24
4 20
10 5
13 1
10 8
9 22
6 1
9 25
6 16
12 5
12 11
4 1
7 24
4 19
3 23
1 1
14 20
10 1
2 3
3 29
5 20
0 15
8 22
9 27
64
7 20
4 9
12 19
11 2
10 0
8 9
5 16
8 6
5 19
0 8
8 15
13 11
1 9
9 26
0 23
10 24
13 23
0 29
7 16
12 9
4 5
14 12
3 12
5 12
14 21
9 16
3 27
13 7
11 19
10 17
0 28
7 9
7 6
12 5
1 1
5 17
8 16
2 12
10 19
7 11
65
1 28
12 7
14 1
3 1
9 5
0 2
4 24
8 6
3 28
2 5
13 11
0 11
0 17
10 15
13 14
8 27
2 17
6 8
12 9
14 18
4 26
9 16
10 5
14 27
0 16
3 27
9 22
6 1
1 17
14 5
0 0
14 17
1 1
4 28
14 26
5 20
14 29
0 15
9 24
1 16
66
7 20
7 26
4 9
9 2
6 27
12 22
14 19
3 25
10 6
4 24
14 28
4 27
13 11
10 15
2 17
13 20
6 20
4 2
13 29
9 22
6 1
13 18
10 23
1 20
10 26
1 17
1 23
7 6
1 29
3 5
5 2
5 5
12 29
4 25
13 9
2 12
6 0
8 25
7 5
2 24
67
6 12
4 0
14 10
8 0
6 27
9 5
12 22
3 25
4 24
2 11
1 18
0 20
9 29
10 27
13 20
13 29
7 22
12 21
14 12
14 18
12 18
6 9
14 24
9 19
2 1
10 14
13 10
13 13
7 3
10 26
6 19
4 1
14 5
14 11
5 11
9 9
9 6
0 9
9 15
1 25
68
2 27
4 0
7 17
14 1
12 16
4 12
14 10
5 1
3 19
4 27
2 5
10 12
2 11
13 11
0 11
0 23
9 29
13 17
7 19
5 0
14 12
3 12
4 11
4 29
10 14
11 19
7 3
10 29
13 25
12 11
3 2
9 6
9 12
14 26
13 0
3 29
13 3
8 19
5 29
9 27
69
6 12
6 15
9 5
0 2
14 25
8 9
14 22
10 12
5 28
2 11
6 2
1 18
2 20
7 16
12 9
3 0
5 6
12 15
4 11
14 24
3 24
10 11
9 19
10 8
5 27
7 0
10 23
1 20
0 28
10 20
7 9
12 20
9 9
2 0
10 13
13 3
10 16
8 28
8 25
10 22
70
14 7
7 29
9 2
8 0
14 10
4 24
8 12
1 0
2 8
8 24
9 29
2 17
10 27
1 24
13 26
14 0
12 12
8 2
0 1
0 7
13 4
2 1
10 8
10 29
6 16
2 25
3 5
5 2
9 0
4 19
3 17
12 26
1 1
12 29
9 12
5 26
13 6
2 12
7 2
6 6
71
1 28
12 10
4 6
3 19
14 19
0 5
5 19
1 0
13 2
2 11
2 8
9 29
6 17
12 6
14 12
14 18
8 11
10 2
11 1
0 7
4 26
8 23
13 13
1 23
12 2
13 25
12 5
7 24
4 16
5 5
0 0
3 20
14 20
10 7
10 13
5 20
2 6
10 25
8 25
10 28
72
7 17
14 10
14 16
6 27
12 22
11 2
12 28
10 0
5 19
0 8
8 15
9 17
8 24
1 12
8 27
0 26
10 27
12 0
1 24
2 29
13 29
3 0
3 12
8 2
6 29
4 26
2 4
4 23
10 5
11 16
13 16
0 25
7 12
6 16
7 15
14 2
5 2
12 23
9 24
7 2
73
12 1
12 7
7 26
12 16
3 1
4 6
9 2
4 15
0 2
14 25
10 6
8 6
13 11
8 24
1 12
10 15
4 2
3 9
14 21
12 27
2 4
10 11
11 16
9 22
5 27
13 10
10 23
0 19
7 15
7 27
9 0
3 8
3 23
3 20
5 17
10 13
7 11
13 9
10 28
2 24
74
4 0
7 23
14 10
12 22
14 25
14 22
0 24
10 25
0 17
7 1
10 24
1 15
2 20
13 26
14 18
14 21
5 12
2 4
10 11
6 1
8 20
0 19
13 16
9 22
2 16
2 19
13 19
10 26
7 6
2 25
5 2
14 8
12 26
3 17
5 8
10 13
5 26
0 15
6 0
8 25
75
12 1
7 23
12 10
14 19
13 2
4 27
0 11
1 12
0 29
2 26
1 24
7 22
5 9
4 17
14 15
8 11
10 2
0 7
11 16
5 27
10 17
8 26
1 8
1 20
13 19
4 1
5 5
11 0
5 8
9 9
8 1
0 0
0 9
0 6
2 6
10 19
7 8
13 15
13 21
2 24
76
1 28
4 0
6 15
3 1
12 10
5 1
3 19
10 6
9 8
4 24
9 11
8 15
0 17
0 20
7 16
14 0
12 6
12 12
3 6
3 15
5 12
8 8
9 19
0 16
13 10
7 3
7 9
10 26
1 26
12 17
5 5
5 11
0 0
12 26
3 17
9 15
3 29
13 6
13 18
6 9
77
1 28
6 15
1 16
11 2
14 25
10 6
4 24
9 8
3 28
9 11
1 9
2 23
13 17
13 23
6 8
1 27
4 2
3 0
4 5
12 6
6 26
7 25
12 15
4 20
12 27
1 2
3 27
0 19
6 16
7 15
9 0
5 8
0 0
5 20
7 2
6 0
6 6
7 11
1 25
13 24
78
4 0
7 23
12 10
6 27
14 16
3 19
3 25
2 2
2 5
1 12
2 23
1 15
6 8
4 11
12 18
3 15
0 7
0 10
3 27
2 1
1 11
8 23
10 8
2 16
11 19
5 27
13 19
13 22
3 8
5 5
14 23
3 20
5 17
8 16
10 1
13 0
2 12
10 19
2 15
13 21
79
14 7
9 5
0 2
1 0
4 27
1 9
9 26
0 23
6 2
10 24
6 5
13 26
14 0
12 6
7 25
12 15
12 21
5 9
11 1
0 7
13 4
0 10
10 8
9 22
2 25
1 29
3 2
3 11
14 8
9 6
12 29
3 26
13 0
13 3
5 26
10 16
2 6
13 6
13 12
6 6
80
12 1
7 23
7 20
3 1
4 12
12 19
8 12
0 11
0 17
7 4
6 11
2 20
4 2
14 6
12 15
11 1
5 15
1 2
14 27
8 17
2 16
0 28
1 23
7 6
2 28
13 22
7 12
1 29
4 1
7 24
14 11
9 9
14 23
4 25
0 12
2 9
13 6
8 22
7 5
2 24
81
7 29
12 19
8 0
3 16
0 2
10 6
12 25
3 28
6 2
6 17
14 9
9 1
3 15
14 21
4 29
13 1
11 19
2 16
10 23
9 25
10 17
10 26
1 23
0 25
10 29
12 11
3 11
12 23
8 1
0 0
5 8
3 20
14 26
13 0
4 25
9 15
13 9
2 12
1 16
10 22
82
4 0
12 7
7 5
3 1
8 0
3 16
3 19
2 2
10 9
9 11
10 15
1 18
0 26
4 2
6 26
4 11
2 1
2 16
7 3
13 19
10 26
12 5
3 2
6 19
3 8
1 19
9 9
12 29
10 1
5 17
4 25
3 29
2 9
0 15
5 29
6 6
8 25
13 15
10 28
6 9
83
13 27
5 1
8 0
14 25
3 25
5 16
9 8
2 2
14 22
9 17
10 12
13 8
13 14
13 20
12 6
7 25
12 21
5 9
6 29
4 17
11 1
3 27
8 20
1 8
13 19
1 26
14 2
6 19
9 0
5 5
5 11
0 0
11 0
0 9
4 25
8 19
10 16
6 0
8 25
10 28
84
8 0
8 9
13 5
1 9
10 12
13 8
7 1
1 15
2 20
6 8
4 2
10 2
4 26
12 27
10 5
4 23
13 4
14 27
2 1
10 14
10 8
6 1
5 27
1 8
13 16
10 29
7 15
14 5
7 27
12 17
3 17
12 29
9 15
2 3
2 6
7 2
10 25
2 15
7 11
0 27
85
4 0
7 23
6 15
3 1
14 7
4 6
9 2
12 19
4 27
9 17
8 15
10 12
8 27
1 15
6 11
14 21
8 5
12 27
4 26
11 19
7 0
8 26
1 20
0 19
13 13
7 9
10 29
7 15
12 5
14 5
14 8
12 23
0 0
3 23
14 20
12 29
0 12
10 16
8 22
2 15
86
12 1
14 10
8 0
9 5
14 19
12 22
4 24
8 6
5 19
14 28
2 11
0 11
9 26
13 23
6 11
12 6
3 9
14 18
8 2
0 1
0 7
9 19
2 1
10 14
13 7
11 19
10 29
12 2
13 22
12 5
14 11
7 27
9 0
5 11
12 20
14 17
13 3
13 9
2 12
1 25
87
12 7
12 28
8 9
12 25
9 8
13 2
8 24
6 5
6 17
4 5
12 6
14 15
9 16
4 29
3 27
11 16
0 16
1 11
9 22
0 19
13 13
10 29
2 25
6 28
3 11
5 2
5 11
12 20
0 0
10 1
0 9
14 29
2 9
13 9
2 6
8 28
13 12
9 27
0 24
7 11
88
2 27
7 20
14 1
12 16
8 25
9 5
14 19
13 8
13 14
8 27
2 23
10 24
2 26
10 27
12 9
7 22
5 9
4 17
12 27
0 7
3 24
10 5
8 8
5 27
8 20
13 13
7 3
12 5
4 1
12 20
14 20
4 28
8 16
10 13
5 20
5 29
13 12
10 19
0 24
6 9
89
6 12
2 27
13 27
5 1
12 22
4 24
9 20
10 25
0 26
0 29
2 26
12 12
12 21
12 27
11 1
4 23
10 11
8 23
6 1
13 10
1 20
13 13
8 29
2 25
13 25
12 11
7 27
3 8
8 1
3 23
3 20
0 9
9 12
9 15
3 29
2 3
9 24
13 18
13 15
11 27
90
6 12
1 16
14 10
3 16
3 19
14 25
5 19
8 15
2 11
10 15
13 14
8 24
13 26
13 29
4 2
12 6
9 1
11 1
2 1
10 23
2 19
13 22
6 16
7 15
12 5
3 2
14 2
3 5
11 0
3 20
0 9
5 17
4 25
5 26
13 3
2 9
5 29
10 19
13 6
1 25
91
2 27
12 19
3 16
8 0
12 28
14 25
0 5
2 5
1 15
13 23
2 20
10 27
7 16
4 2
14 0
7 19
7 22
12 12
3 12
4 11
12 27
4 26
0 1
1 2
9 19
13 1
10 17
2 16
1 17
0 25
6 16
2 25
5 11
0 0
14 20
0 9
10 13
5 20
8 19
2 3
92
12 7
4 12
6 27
7 29
9 5
11 2
12 22
4 24
13 11
8 24
13 8
6 2
10 27
13 29
12 9
12 6
5 6
3 6
12 15
12 27
4 23
2 1
6 1
8 26
2 16
7 3
1 17
13 22
12 5
12 8
14 11
12 17
11 0
3 23
5 8
10 1
13 0
14 29
10 28
2 24
93
6 12
7 23
3 1
12 16
4 9
11 2
14 28
1 0
9 11
9 17
5 19
13 11
9 20
0 23
6 11
12 0
13 29
6 26
14 9
8 11
11 1
13 4
0 16
13 7
8 26
13 16
2 16
6 6
7 0
10 29
4 16
4 19
9 6
10 1
10 7
9 15
2 9
2 6
13 18
9 27
94
6 12
12 10
14 1
4 6
12 22
14 19
9 8
0 5
8 12
9 11
7 4
6 2
1 15
13 23
6 5
4 2
6 17
4 8
6 29
4 20
14 24
9 19
11 16
0 16
9 22
2 16
9 25
10 20
1 17
0 25
13 28
12 8
9 9
14 20
10 1
13 0
14 29
2 9
1 16
0 24
95
4 0
7 17
14 7
5 1
3 16
12 19
5 16
8 9
5 19
2 5
8 15
10 12
2 8
10 21
7 1
6 8
6 20
1 27
7 22
7 28
3 9
5 0
12 6
12 12
4 11
8 8
10 11
4 29
10 8
13 19
7 9
14 2
7 27
5 5
12 20
14 23
3 29
13 3
13 12
0 27
96
12 1
4 0
7 20
9 5
8 9
8 12
10 9
3 28
13 2
1 9
10 15
9 23
7 1
7 19
4 2
4 5
12 21
12 18
14 27
13 1
8 23
0 19
8 20
2 19
10 20
0 25
7 12
13 28
7 15
12 8
7 24
6 28
4 16
14 8
5 11
11 0
8 16
14 29
2 12
10 28
97
7 17
13 27
3 1
5 1
8 0
9 2
8 9
14 25
5 19
5 28
2 11
0 11
1 18
2 23
2 20
14 0
12 12
5 12
3 24
0 10
13 1
0 16
14 27
8 17
1 8
10 17
7 12
1 29
7 24
12 8
0 0
9 6
14 20
10 13
3 29
5 29
2 12
13 18
7 5
2 24
98
2 27
12 10
7 26
12 19
3 19
9 8
10 9
9 17
2 5
13 8
0 26
13 26
7 19
3 0
6 26
5 6
8 2
13 21
3 24
13 4
13 1
8 17
13 10
1 17
1 29
14 2
4 1
12 8
14 8
12 17
11 0
8 1
5 8
10 7
5 20
3 29
13 9
2 15
7 11
7 8
99
6 15
7 26
5 1
14 19
9 8
0 11
9 23
0 29
13 20
12 0
7 16
12 12
3 9
4 8
3 6
5 9
9 1
12 24
1 2
14 27
11 16
2 1
13 7
8 20
2 16
0 25
7 12
13 25
12 5
3 2
3 8
9 6
2 0
10 13
5 26
8 22
8 28
7 2
6 6
13 24
